423989716 
423989916 
423990116 
423990316 
423990516 
423990716 
423990916 
423991116 
423991316 
423991516 
423991716 
423991916 
423992116 
423992316 
423992516 
423992716 
423992916 
423993116 
423993316 
423993516 
423993716 
423993916 
423994116 
423994316 
423994516 
423994716 
423994916 
423995116 
423995316 
423995516 
423995716 
423995916 
423996116 
423996316 
423996516 
423996716 
423996916 
423997116 
423997316 
423997516 
423997716 
423997916 
423998116 
423998316 
423998516 
423998716 
423998916 
423999116 
423999316 
423999516 
423999716 
423999916 
424000116 
424000316 
424000516 
424000716 
424000916 
424001116 
424001316 
424001516 
424001716 
424001916 
424002116 
424002316 
424002516 
424002716 
424002916 
424003116 
424003316 
424003516 
424003716 
424003916 
424004116 
424004316 
424004516 
424004716 
424004916 
424005116 
424005316 
424005516 
424005716 
424005916 
424006116 
424006316 
424006516 
424006716 
424006916 
424007116 
424007316 
424007516 
424007716 
424007916 
424008116 
424008316 
424008516 
424008716 
424008916 
424009116 
424009316 
424009516 
424009716 
424009916 
424010116 
424010316 
424010516 
424010716 
424010916 
424011116 
424011316 
424011516 
424011716 
424011916 
424012116 
424012316 
424012516 
424012716 
424012916 
424013116 
424013316 
424013516 
424013716 
424013916 
424014116 
424014316 
424014516 
424014716 
424014916 
424015116 
424015316 
424015516 
424015716 
424015916 
424016116 
424016316 
424016516 
424016716 
424016916 
424017116 
424017316 
424017516 
424017716 
424017916 
424018116 
424018316 
424018516 438551794 
424018716 
424018916 
424019116 
424019316 
424019516 
424019716 
424019916 
424020116 
424020316 
424020516 
424020716 
424020916 
424021116 
424021316 
424021516 
424021716 
424021916 
424022116 
424022316 
424022516 
424022716 
424022916 
424023116 
424023316 
424023516 
424023716 
424023916 
424024116 
424024316 
424024516 
424024716 
424024916 
424025116 
424025316 
424025516 
424025716 
424025916 
424026116 
424026316 
424026516 
424026716 
424026916 
424027116 
424027316 
424027516 
424027716 
424027916 
424028116 
424028316 
424028516 
424028716 
424028916 
424029116 
424029316 
424029516 
424029716 
424029916 
424030116 
424030316 
424030516 
424030716 
424030916 
424031116 
424031316 
424031516 
424031716 
424031916 
424032116 
424032316 
424032516 
424032716 
424032916 
424033116 
424033316 
424033516 
424033716 
424033916 
424034116 
424034316 
424034516 
424034716 
424034916 
424035116 
424035316 
424035516 
424035716 
424035916 
424036116 
424036316 
424036516 
424036716 
424036916 
424037116 
424037316 
424037516 
424037716 
424037916 
424038116 
424038316 
424038516 
424038716 
424038916 
424039116 
424039316 
424039516 
424039716 
424039916 
424040116 
424040316 
424040516 
424040716 
424040916 
424041116 
424041316 
424041516 
424041716 
424041916 
424042116 
424042316 
424042516 
424042716 
424042916 
424043116 
424043316 
424043516 
424043716 
424043916 
424044116 
424044316 
424044516 
424044716 
424044916 
424045116 
424045316 
424045516 
424045716 
424045916 
424046116 
424046316 
424046516 
424046716 
424046916 
424047116 
424047316 
424047516 
424047716 
424047916 
424048116 
424048316 
424048516 
424048716 770095062 
424048916 
424049116 
424049316 
424049516 
424049716 
424049916 608107349 
424050116 
424050316 
424050516 
424050716 445093097 
424050916 
424051116 
424051316 
424051516 
424051716 
424051916 
424052116 
424052316 
424052516 
424052716 
424052916 
424053116 
424053316 
424053516 
424053716 
424053916 
424054116 
424054316 
424054516 
424054716 
424054916 
424055116 
424055316 
424055516 
424055716 
424055916 
424056116 466175922 
424056316 
424056516 
424056716 
424056916 
424057116 
424057316 
424057516 
424057716 
424057916 
424058116 
424058316 
424058516 
424058716 
424058916 
424059116 
424059316 
424059516 
424059716 
424059916 
424060116 
424060316 
424060516 
424060716 
424060916 
424061116 
424061316 
424061516 
424061716 
424061916 
424062116 
424062316 
424062516 
424062716 
424062916 
424063116 
424063316 
424063516 
424063716 
424063916 
424064116 
424064316 
424064516 
424064716 
424064916 
424065116 861121032 
424065316 
424065516 
424065716 
424065916 
424066116 
424066316 
424066516 
424066716 
424066916 
424067116 
424067316 
424067516 
424067716 
424067916 
424068116 
424068316 
424068516 
424068716 
424068916 
424069116 
424069316 
424069516 
424069716 
424069916 
424070116 
424070316 
424070516 
424070716 
424070916 
424071116 
424071316 
424071516 
424071716 
424071916 
424072116 
424072316 
424072516 
424072716 
424072916 
424073116 
424073316 
424073516 
424073716 
424073916 
424074116 
424074316 
424074516 
424074716 
424074916 
424075116 
424075316 
424075516 
424075716 
424075916 
424076116 
424076316 
424076516 
424076716 
424076916 
424077116 
424077316 
424077516 
424077716 
424077916 
424078116 
424078316 
424078516 
424078716 
424078916 
424079116 
424079316 
424079516 
424079716 
424079916 
424080116 
424080316 
424080516 
424080716 
424080916 
424081116 
424081316 
424081516 
424081716 
424081916 
424082116 
424082316 
424082516 531978380 
424082716 
424082916 
424083116 
424083316 424273387 
424083516 
424083716 
424083916 
424084116 
424084316 
424084516 
424084716 
424084916 
424085116 
424085316 
424085516 
424085716 
424085916 
424086116 
424086316 
424086516 
424086716 
424086916 
424087116 
424087316 
424087516 
424087716 
424087916 
424088116 
424088316 
424088516 
424088716 
424088916 
424089116 
424089316 
424089516 
424089716 
424089916 
424090116 
424090316 
424090516 
424090716 
424090916 726799633 
424091116 
424091316 
424091516 
424091716 
424091916 
424092116 
424092316 
424092516 
424092716 
424092916 
424093116 
424093316 
424093516 
424093716 
424093916 
424094116 
424094316 
424094516 
424094716 
424094916 
424095116 
424095316 
424095516 
424095716 
424095916 
424096116 
424096316 
424096516 
424096716 
424096916 
424097116 
424097316 
424097516 
424097716 
424097916 
424098116 
424098316 
424098516 
424098716 
424098916 
424099116 
424099316 
424099516 
424099716 851406803 
424099916 
424100116 
424100316 
424100516 
424100716 
424100916 
424101116 
424101316 
424101516 
424101716 
424101916 
424102116 
424102316 
424102516 
424102716 
424102916 
424103116 
424103316 
424103516 
424103716 
424103916 
424104116 
424104316 
424104516 
424104716 
424104916 
424105116 
424105316 
424105516 
424105716 
424105916 
424106116 
424106316 
424106516 
424106716 
424106916 
424107116 
424107316 
424107516 
424107716 
424107916 
424108116 
424108316 
424108516 
424108716 
424108916 
424109116 
424109316 
424109516 
424109716 
424109916 
424110116 
424110316 
424110516 
424110716 
424110916 
424111116 
424111316 
424111516 
424111716 
424111916 
424112116 
424112316 
424112516 
424112716 
424112916 
424113116 
424113316 
424113516 
424113716 
424113916 
424114116 
424114316 
424114516 
424114716 
424114916 
424115116 
424115316 
424115516 
424115716 
424115916 
424116116 
424116316 
424116516 
424116716 
424116916 
424117116 
424117316 
424117516 
424117716 
424117916 
424118116 
424118316 
424118516 
424118716 
424118916 
424119116 
424119316 
424119516 
424119716 
424119916 
424120116 
424120316 
424120516 
424120716 
424120916 
424121116 
424121316 
424121516 
424121716 
424121916 
424122116 
424122316 
424122516 
424122716 
424122916 
424123116 
424123316 
424123516 
424123716 
424123916 
424124116 
424124316 424220842 
424124516 
424124716 
424124916 
424125116 
424125316 
424125516 
424125716 
424125916 
424126116 
424126316 
424126516 
424126716 
424126916 
424127116 
424127316 
424127516 
424127716 
424127916 648025806 
424128116 
424128316 
424128516 
424128716 
424128916 
424129116 
424129316 
424129516 
424129716 
424129916 
424130116 
424130316 
424130516 
424130716 
424130916 
424131116 
424131316 
424131516 
424131716 
424131916 
424132116 751427528 
424132316 
424132516 
424132716 
424132916 
424133116 
424133316 
424133516 
424133716 
424133916 
424134116 
424134316 
424134516 
424134716 
424134916 
424135116 
424135316 
424135516 
424135716 
424135916 
424136116 
424136316 
424136516 
424136716 
424136916 
424137116 
424137316 429802430 
424137516 
424137716 
424137916 
424138116 
424138316 
424138516 
424138716 
424138916 
424139116 
424139316 
424139516 
424139716 
424139916 
424140116 
424140316 
424140516 
424140716 
424140916 
424141116 
424141316 
424141516 
424141716 
424141916 
424142116 
424142316 
424142516 
424142716 
424142916 
424143116 
424143316 
424143516 
424143716 
424143916 
424144116 
424144316 
424144516 
424144716 
424144916 
424145116 
424145316 
424145516 
424145716 
424145916 
424146116 
424146316 
424146516 
424146716 
424146916 
424147116 
424147316 
424147516 
424147716 789668922 
424147916 
424148116 
424148316 
424148516 
424148716 
424148916 
424149116 
424149316 
424149516 
424149716 
424149916 
424150116 
424150316 
424150516 
424150716 
424150916 
424151116 
424151316 
424151516 
424151716 
424151916 
424152116 
424152316 
424152516 
424152716 
424152916 
424153116 
424153316 
424153516 
424153716 
424153916 
424154116 
424154316 
424154516 
424154716 
424154916 
424155116 
424155316 
424155516 
424155716 
424155916 
424156116 
424156316 
424156516 
424156716 
424156916 
424157116 
424157316 
424157516 
424157716 
424157916 
424158116 
424158316 
424158516 
424158716 
424158916 
424159116 
424159316 
424159516 
424159716 
424159916 
424160116 
424160316 
424160516 
424160716 
424160916 
424161116 
424161316 
424161516 
424161716 
424161916 
424162116 
424162316 
424162516 
424162716 
424162916 
424163116 
424163316 
424163516 
424163716 
424163916 
424164116 
424164316 
424164516 
424164716 
424164916 
424165116 625418192 
424165316 
424165516 
424165716 778092831 
424165916 
424166116 
424166316 
424166516 
424166716 
424166916 
424167116 
424167316 
424167516 
424167716 
424167916 
424168116 
424168316 
424168516 
424168716 
424168916 
424169116 
424169316 
424169516 
424169716 
424169916 
424170116 
424170316 
424170516 
424170716 
424170916 
424171116 
424171316 
424171516 
424171716 
424171916 
424172116 
424172316 
424172516 
424172716 
424172916 
424173116 
424173316 
424173516 
424173716 
424173916 
424174116 
424174316 
424174516 
424174716 
424174916 
424175116 
424175316 
424175516 
424175716 
424175916 
424176116 
424176316 
424176516 
424176716 
424176916 
424177116 
424177316 
424177516 
424177716 
424177916 
424178116 
424178316 
424178516 
424178716 
424178916 424261078 
424179116 
424179316 
424179516 
424179716 
424179916 
424180116 
424180316 
424180516 
424180716 
424180916 
424181116 
424181316 
424181516 
424181716 
424181916 
424182116 
424182316 
424182516 
424182716 
424182916 
424183116 
424183316 
424183516 
424183716 
424183916 
424184116 
424184316 
424184516 
424184716 
424184916 
424185116 
424185316 
424185516 
424185716 
424185916 
424186116 
424186316 
424186516 
424186716 
424186916 
424187116 
424187316 
424187516 
424187716 
424187916 
424188116 
424188316 
424188516 
424188716 
424188916 
424189116 
424189316 
424189516 
